0.45,0.95 	;; 0.346,0.95 	;; 0.25,0.95 	;; 0.148,0.95 	;; 0.05,0.95 	;; -0.05,0.95 	;; -0.15,0.95 	;; -0.25,0.95 	;; -0.35,0.95 	;; -0.452,0.95 	;; 
0.45,0.85 	;; 0.346,0.85 	;; 0.25,0.85 	;; 0.148,0.85 	;; 0.05,0.85 	;; -0.05,0.85 	;; -0.15,0.85 	;; -0.25,0.85 	;; -0.35,0.85 	;; -0.452,0.85 	;; 
0.45,0.75 	;; 0.346,0.75 	;; 0.25,0.75 	;; 0.148,0.75 	;; 0.05,0.75 	;; -0.05,0.75 	;; -0.15,0.75 	;; -0.25,0.75 	;; -0.35,0.75 	;; -0.452,0.75 	;; 
0.45,0.65 	;; 0.346,0.65 	;; 0.25,0.65 	;; 0.148,0.65 	;; 0.05,0.65 	;; -0.05,0.65 	;; -0.15,0.65 	;; -0.25,0.65 	;; -0.35,0.65 	;; -0.452,0.65 	;; 
0.45,0.55 	;; 0.346,0.55 	;; 0.25,0.55 	;; 0.148,0.55 	;; 0.05,0.55 	;; -0.05,0.55 	;; -0.15,0.55 	;; -0.25,0.55 	;; -0.35,0.55 	;; -0.452,0.55 	;; 
0.45,0.45 	;; 0.346,0.45 	;; 0.25,0.45 	;; 0.148,0.45 	;; 0.05,0.45 	;; -0.05,0.45 	;; -0.15,0.45 	;; -0.25,0.45 	;; -0.35,0.45 	;; -0.452,0.45 	;; 
0.45,0.35 	;; 0.346,0.35 	;; 0.25,0.35 	;; 0.148,0.35 	;; 0.05,0.35 	;; -0.05,0.35 	;; -0.15,0.35 	;; -0.25,0.35 	;; -0.35,0.35 	;; -0.452,0.35 	;; 
0.45,0.25 	;; 0.346,0.25 	;; 0.25,0.25 	;; 0.148,0.25 	;; 0.05,0.25 	;; -0.05,0.25 	;; -0.15,0.25 	;; -0.25,0.25 	;; -0.35,0.25 	;; -0.452,0.25 	;; 
0.45,0.15 	;; 0.346,0.15 	;; 0.25,0.15 	;; 0.148,0.15 	;; 0.05,0.15 	;; -0.05,0.15 	;; -0.15,0.15 	;; -0.25,0.15 	;; -0.35,0.15 	;; -0.452,0.15 	;; 
0.45,0.05 	;; 0.346,0.05 	;; 0.25,0.05 	;; 0.148,0.05 	;; 0.05,0.05 	;; -0.05,0.05 	;; -0.15,0.05 	;; -0.25,0.05 	;; -0.35,0.05 	;; -0.452,0.05 	;; 
0.45,-0.05 	;; 0.346,-0.05 	;; 0.25,-0.05 	;; 0.148,-0.05 	;; 0.05,-0.05 	;; -0.05,-0.05 	;; -0.15,-0.05 	;; -0.25,-0.05 	;; -0.35,-0.05 	;; -0.452,-0.05 	;; 
0.45,-0.148 ;; #0.346,-0.148 ;; 0.25,-0.148 	;; 0.148,-0.148 ;; 0.05,-0.148 	;; -0.05,-0.148 ;; -0.15,-0.148 ;; -0.25,-0.148 ;; -0.35,-0.148 ;; -0.452,-0.148 ;; 
0.45,-0.244 #;;# 0.346,-0.244 ;; 0.25,-0.244 	;; 0.148,-0.244 ;; 0.05,-0.244 	;; -0.05,-0.244 ;; -0.15,-0.244 ;; -0.25,-0.244 ;; -0.35,-0.244 ;; -0.452,-0.244 ;; 
0.45,-0.346 #;; 0.346,-0.346 ;; 0.25,-0.346 	;; 0.148,-0.346 ;; 0.05,-0.346 	;; -0.05,-0.346 ;; -0.15,-0.346 ;; -0.25,-0.346 ;; -0.35,-0.346 ;; -0.452,-0.346 ;; 
0.45,-0.443 ;; 0.346,-0.443 ;; 0.25,-0.443 	;; 0.148,-0.443 ;; 0.05,-0.443 	;; -0.05,-0.443 ;; -0.15,-0.443 ;; -0.25,-0.443 ;; -0.35,-0.443 ;; -0.452,-0.443 ;; 
0.45,-0.545 ;; 0.346,-0.545 ;; 0.25,-0.545 	;; 0.148,-0.545 ;; 0.05,-0.545 	;; -0.05,-0.545 ;; -0.15,-0.545 ;; -0.25,-0.545 ;; -0.35,-0.545 ;; -0.452,-0.545 ;; 
0.45,-0.65 	;; 0.346,-0.65 	;; 0.25,-0.65 	;; 0.148,-0.65 	;; 0.05,-0.65 	;; -0.05,-0.65 	;; -0.15,-0.65 	;; -0.25,-0.65 	;; -0.35,-0.65 	;; -0.452,-0.65 ;; 
0.45,-0.744 ;; 0.346,-0.744 ;; 0.25,-0.744 	;; 0.148,-0.744 ;; 0.05,-0.744 	;; -0.05,-0.744 ;; -0.15,-0.744 ;; -0.25,-0.744 ;; -0.35,-0.744 ;; -0.452,-0.744 ;; 
0.45,-0.846 ;; 0.346,-0.846 ;; 0.25,-0.846 	;; 0.148,-0.846 ;; 0.05,-0.846 	;; -0.05,-0.846 ;; -0.15,-0.846 ;; -0.25,-0.846 ;; -0.35,-0.846 ;; -0.452,-0.846 ;; 
0.45,-0.94 	;; 0.346,-0.94 	;; 0.25,-0.94 	;; 0.148,-0.94 	;; 0.05,-0.94 	;; -0.05,-0.94 	;; -0.15,-0.94 	;; -0.25,-0.94 	;; -0.35,-0.94 	;; -0.452,-0.94 










[(-0.15,-0.75000006,0.0,0.0,0.0,1.0),(-0.25,-0.75000006,0.0,0.0,0.0,1.0),(-0.15,-0.65000004,0.0,0.0,0.0,1.0),(-5.0000004e-2,-0.65000004,0.0,0.0,0.0,1.0)]




[(-0.15,-0.75000006,0.0,0.0,0.0,1.0),(-0.25,-0.75000006,0.0,0.0,0.0,1.0),(-0.15,-0.65000004,0.0,0.0,0.0,1.0),(-5.0000004e-2,-0.65000004,0.0,0.0,0.0,1.0)]

-0.15,-0.65000004 ;; -0.15,-0.55 ;; -0.15,-0.45000002 ;; -0.15,-0.35000002 ;; 



[(-0.15,-0.65000004,0.0,1.0,0.0,0.0),(-0.15,-0.55,0.0,1.0,0.0,0.0),(-0.15,-0.45000002,0.0,1.0,0.0,0.0),(-0.15,-0.35000002,0.0,1.0,0.0,0.0)]













									0.14999999,-0.15000004 ;; 0.14999999,4.9999967e-2 ;; 0.14999999,0.24999997 ;; 0.14999999,0.45 ;; 

[(0.45,-0.35000002,0.0,0.0,0.0,1.0),(0.35,-0.25000003,0.0,0.0,0.0,1.0),(0.45,-0.25000003,0.0,0.0,0.0,1.0),(0.35,-0.15000004,0.0,0.0,0.0,1.0)]








[(0.14999999,-0.15000004,0.0,1.0,0.0,0.0),(0.14999999,4.9999967e-2,0.0,1.0,0.0,0.0),(0.14999999,0.24999997,0.0,1.0,0.0,0.0),(0.14999999,0.45,0.0,1.0,0.0,0.0)]



-5.0000012e-2,-0.9500001 ;; 4.999999e-2,-0.9500001 ;; -5.0000012e-2,-0.8500001 ;; 4.999999e-2,-0.8500001 ;; 


[(-5.0000012e-2,-0.9500001,0.0,0.0,1.0,1.0),(4.999999e-2,-0.9500001,0.0,0.0,1.0,1.0),(-5.0000012e-2,-0.8500001,0.0,0.0,1.0,1.0),(4.999999e-2,-0.8500001,0.0,0.0,1.0,1.0)]
